weather_HB37; 12_11_2010;
 DATE;    TIME;     TE;    DR;     LX;    SO;    WR;     FE;     WG;     WS;      WD;      WC;     WV;       TK;      UH;   
12_11_2010; 00:00:15; 12.13; 979.79; 0.00; 0.00; 264.76; 77.79; 13.50; 15.53; 13.50; 8.32; 264.76; 140.74; 217.51; 
12_11_2010; 00:24:15; 11.85; 979.54; 0.00; 0.00; 266.02; 81.28; 14.73; 18.85; 16.46; 7.49; 262.75; 139.85; 216.73; 
12_11_2010; 00:48:15; 12.08; 979.29; 0.00; 0.00; 193.94; 82.98; 22.55; 22.55; 18.60; 5.29; 168.06; 140.64; 227.43; 
12_11_2010; 01:12:15; 12.29; 979.15; 0.00; 0.00; 239.09; 84.14; 28.47; 34.78; 26.94; 4.21; 259.96; 141.96; 216.86; 
12_11_2010; 01:36:15; 12.80; 979.01; 0.00; 0.00; 145.99; 80.48; 18.73; 22.73; 17.73; 7.30; 216.45; 142.93; 232.28; 
12_11_2010; 02:00:15; 12.18; 978.89; 0.00; 0.00; 223.78; 84.14; 26.51; 27.88; 21.22; 4.48; 234.73; 139.67; 230.70; 
12_11_2010; 02:24:15; 10.55; 978.89; 0.00; 0.00; 263.69; 099.80; 14.02; 14.02; 8.74; 6.22; 252.71; 137.39; 225.94; 
12_11_2010; 02:48:15; 10.10; 978.89; 0.00; 1.13; 276.46; 099.80; 15.28; 20.84; 16.21; 5.15; 241.94; 132.18; 225.06; 
12_11_2010; 03:12:15; 10.57; 978.89; 0.00; 2.27; 274.46; 95.86; 30.06; 30.06; 30.06; 1.49; 274.46; 135.85; 229.25; 
12_11_2010; 03:36:15; 11.26; 978.89; 0.00; 0.00; 271.51; 81.19; 19.79; 22.18; 21.15; 4.99; 259.87; 138.93; 230.98; 
12_11_2010; 04:00:15; 11.13; 978.89; 0.00; 0.00; 207.02; 83.07; 23.72; 35.24; 23.66; 3.71; 216.89; 139.71; 216.05; 
12_11_2010; 04:24:15; 10.79; 978.89; 0.00; 0.00; 253.23; 87.18; 15.70; 17.02; 15.35; 5.83; 240.78; 138.71; 227.74; 
12_11_2010; 04:48:15; 10.71; 978.89; 0.00; 0.00; 263.50; 89.06; 19.51; 19.51; 15.66; 4.38; 245.26; 138.46; 219.06; 
12_11_2010; 05:12:15; 10.90; 978.89; 0.00; 0.00; 236.47; 87.09; 15.20; 15.20; 9.71; 6.15; 218.45; 138.57; 229.43; 
12_11_2010; 05:36:15; 10.87; 978.89; 0.00; 0.00; 314.99; 86.74; 20.53; 28.17; 19.12; 4.27; 257.21; 139.06; 221.96; 
12_11_2010; 06:00:15; 11.05; 978.89; 0.00; 0.00; 216.03; 81.28; 13.56; 17.44; 12.96; 7.02; 249.68; 139.27; 222.78; 
12_11_2010; 06:24:15; 10.92; 978.89; 0.00; 0.00; 234.92; 80.48; 11.00; 11.00; 11.00; 8.08; 242.38; 138.74; 228.42; 
12_11_2010; 06:48:15; 10.87; 978.89; 0.00; 0.00; 269.02; 78.15; 12.96; 14.36; 13.06; 7.07; 251.23; 139.08; 228.24; 
12_11_2010; 07:12:15; 10.92; 978.89; 0.00; 0.00; 254.69; 75.56; 11.04; 14.51; 12.67; 8.06; 260.22; 138.16; 216.21; 
12_11_2010; 07:36:15; 10.87; 978.89; 161.73; 0.00; 237.25; 74.57; 17.34; 17.34; 11.73; 5.32; 240.54; 139.01; 233.12; 
12_11_2010; 08:00:15; 10.82; 978.89; 930.00; 4.83; 247.32; 73.94; 20.68; 20.68; 13.65; 4.16; 262.89; 138.98; 227.06; 
12_11_2010; 08:24:15; 10.92; 978.92; 2291.93; 13.37; 245.48; 73.59; 14.73; 22.36; 14.77; 6.37; 238.88; 138.49; 217.03; 
12_11_2010; 08:48:15; 11.10; 979.20; 4091.62; 23.33; 214.09; 73.14; 12.11; 15.97; 10.76; 7.74; 260.13; 139.55; 224.60; 
12_11_2010; 09:12:15; 11.44; 979.35; 6523.62; 36.13; 225.72; 72.25; 10.02; 15.70; 12.44; 9.17; 222.41; 140.34; 228.55; 
12_11_2010; 09:36:15; 11.54; 979.56; 3799.75; 23.33; 202.47; 74.93; 19.51; 19.51; 19.51; 5.45; 257.40; 140.83; 224.87; 
12_11_2010; 10:00:15; 11.69; 979.76; 9588.00; 66.57; 268.05; 75.11; 17.23; 17.23; 15.01; 6.38; 267.42; 140.61; 224.46; 
12_11_2010; 10:24:15; 12.13; 980.01; 12312.2=; 78.81; 271.61; 69.65; 10.19; 13.88; 12.31; 9.85; 280.07; 142.39; 228.20; 
12_11_2010; 10:48:15; 12.18; 980.32; 15424.75; 90.19; 302.34; 69.20; 18.36; 18.36; 16.17; 6.63; 270.43; 143.23; 219.53; 
12_11_2010; 11:12:15; 12.62; 980.39; 22139.00; 140.55; 274.08; 67.33; 11.12; 12.79; 8.35; 9.94; 267.25; 143.21; 227.87; 
12_11_2010; 11:36:15; 12.85; 980.39; 22055.54; 157.05; 234.73; 66.61; 22.73; 28.77; 25.75; 6.26; 238.88; 144.15; 225.06; 
12_11_2010; 12:00:15; 13.21; 980.39; 26280.00; 192.90; 248.68; 65.36; 6.82; 25.03; 13.24; 12.95; 246.92; 145.24; 224.52; 
12_11_2010; 12:24:15; 13.21; 980.39; 17564.00; 120.06; 239.00; 65.27; 14.29; 17.66; 14.83; 9.29; 248.23; 145.78; 220.75; 
12_11_2010; 12:48:15; 13.88; 980.39; 47703.00; 373.57; 61.35; 61.60; 11.77; 23.12; 16.92; 11.08; 226.45; 146.82; 222.95; 
12_11_2010; 13:12:15; 13.60; 980.39; 27547.50; 192.33; 262.05; 64.02; 22.00; 22.00; 22.00; 7.43; 262.05; 146.99; 228.66; 
12_11_2010; 13:36:15; 13.57; 980.39; 23999.54; 159.33; 213.03; 65.09; 22.00; 38.31; 26.93; 7.40; 230.41; 146.65; 222.58; 
12_11_2010; 14:00:15; 13.98; 980.39; 44998.00; 382.10; 234.53; 64.55; 21.49; 22.73; 19.78; 8.07; 272.34; 146.29; 220.48; 
12_11_2010; 14:24:15; 13.34; 980.39; 6669.50; 40.11; 265.53; 67.06; 20.68; 23.72; 16.92; 7.43; 244.23; 145.68; 221.07; 
12_11_2010; 14:48:15; 13.44; 980.39; 12846.75; 76.53; 240.74; 66.52; 15.12; 19.79; 16.98; 9.27; 253.61; 145.21; 222.75; 
12_11_2010; 15:12:15; 13.47; 980.39; 6037.25; 38.97; 177.36; 66.25; 6.91; 15.12; 10.74; 13.16; 247.22; 145.70; 230.26; 
12_11_2010; 15:36:15; 13.26; 980.39; 2000.09; 9.95; 261.57; 68.67; 25.27; 32.64; 21.44; 6.22; 251.38; 145.30; 219.74; 
12_11_2010; 16:00:15; 12.80; 980.39; 1319.12; 9.38; 245.10; 77.34; 31.12; 38.87; 23.30; 4.43; 227.01; 144.05; 217.76; 
12_11_2010; 16:24:15; 11.59; 980.51; 485.21; 1.13; 248.68; 88.70; 11.28; 12.68; 11.28; 8.69; 248.68; 140.23; 220.76; 
12_11_2010; 16:48:15; 10.43; 980.51; 121.30; 0.00; 214.77; 98.54; 19.11; 23.93; 21.28; 4.16; 235.92; 137.10; 219.54; 
12_11_2010; 17:12:15; 10.46; 980.51; 0.00; 0.00; 249.26; 98.36; 12.26; 13.19; 9.79; 6.93; 259.54; 137.35; 224.16; 
12_11_2010; 17:36:15; 10.74; 980.51; 0.00; 0.00; 255.37; 96.40; 6.65; 11.12; 8.52; 10.57; 265.92; 137.17; 218.80; 
12_11_2010; 18:00:15; 11.36; 980.51; 0.00; 0.00; 266.21; 92.37; 9.62; 12.26; 10.14; 9.31; 257.98; 138.99; 216.41; 
12_11_2010; 18:24:15; 11.28; 980.51; 0.00; 0.00; 198.01; 96.40; 9.50; 14.81; 12.08; 9.29; 241.55; 138.67; 216.05; 
12_11_2010; 18:48:15; 12.03; 980.51; 0.00; 0.00; 260.60; 94.07; 7.44; 13.25; 9.35; 11.34; 248.45; 139.84; 230.23; 
12_11_2010; 19:12:15; 12.93; 980.51; 0.00; 0.00; 139.68; 92.10; 14.02; 15.70; 13.23; 9.06; 215.69; 141.96; 230.39; 
12_11_2010; 19:36:15; 13.67; 980.51; 0.00; 0.00; 262.53; 91.66; 10.32; 20.08; 14.66; 11.50; 237.58; 144.67; 219.57; 
12_11_2010; 20:00:15; 13.91; 980.51; 0.00; 0.00; 252.85; 92.01; 21.16; 29.09; 23.10; 8.05; 250.47; 144.29; 227.72; 
12_11_2010; 20:24:15; 15.01; 980.51; 0.00; 0.00; 198.21; 86.56; 14.22; 14.22; 13.31; 11.47; 198.33; 148.64; 226.55; 
12_11_2010; 20:48:15; 14.96; 980.51; 0.00; 0.00; 215.26; 88.79; 19.38; 20.23; 17.63; 9.87; 230.37; 149.55; 217.60; 
12_11_2010; 21:12:15; 15.40; 980.51; 0.00; 0.00; 270.09; 76.27; 24.14; 27.59; 22.93; 9.34; 232.59; 149.99; 222.04; 
12_11_2010; 21:36:15; 15.45; 980.51; 0.00; 0.00; 214.87; 75.20; 19.11; 28.17; 21.88; 10.57; 222.45; 151.33; 228.87; 
12_11_2010; 22:00:15; 15.68; 980.51; 0.00; 0.00; 240.25; 72.60; 15.12; 24.81; 18.40; 11.99; 227.19; 151.66; 228.29; 
12_11_2010; 22:24:15; 15.42; 980.51; 0.00; 0.00; 217.19; 72.42; 22.73; 34.33; 27.34; 9.67; 216.68; 149.44; 228.71; 
12_11_2010; 22:48:15; 15.76; 980.51; 0.00; 0.00; 257.30; 70.10; 17.55; 17.55; 17.55; 11.37; 262.25; 151.32; 218.46; 
12_11_2010; 23:12:15; 15.65; 980.51; 0.00; 0.00; 275.13; 72.33; 8.06; 8.06; 7.71; 14.76; 271.44; 151.62; 219.98; 
12_11_2010; 23:36:15; 15.65; 980.51; 0.00; 0.00; 211.00; 73.41; 19.24; 23.52; 19.94; 10.79; 185.54; 151.16; 217.55; 
