weather_HB37; 18_11_2010;
 DATE;    TIME;     TE;    DR;     LX;    SO;    WR;     FE;     WG;     WS;      WD;      WC;     WV;       TK;      UH;   
18_11_2010; 00:00:15; 4.71; 992.65; 0.00; 1.70; 73.49; 90.40; 0.00; 0.00; 0.00; 4.71; -099997.00; 125.54; 223.50; 
18_11_2010; 00:24:15; 4.93; 992.65; 0.00; 1.99; 162.20; 89.51; 4.09; 4.09; 3.65; 4.93; 163.65; 125.68; 227.78; 
18_11_2010; 00:48:15; 5.07; 992.54; 0.00; 1.99; 217.68; 88.97; 1.81; 2.20; 1.91; 5.07; 217.58; 125.47; 218.17; 
18_11_2010; 01:12:15; 5.10; 992.54; 0.00; 0.85; 226.50; 89.42; 0.00; 0.00; 0.00; 5.10; -099997.00; 125.80; 224.06; 
18_11_2010; 01:36:15; 5.12; 992.54; 0.00; 1.99; 238.32; 88.97; 0.00; 0.00; 0.00; 5.12; -099997.00; 125.23; 223.00; 
18_11_2010; 02:00:15; 5.12; 992.54; 0.00; 0.85; 243.74; 89.69; 0.00; 0.00; 0.00; 5.12; -099997.00; 126.25; 223.14; 
18_11_2010; 02:24:15; 5.35; 992.54; 0.00; 1.13; 228.43; 88.08; 2.63; 2.87; 2.67; 5.35; 228.28; 126.10; 222.81; 
18_11_2010; 02:48:15; 5.12; 992.54; 0.00; 0.85; 269.50; 90.58; 0.00; 0.00; 0.00; 5.12; -099997.00; 126.33; 1.49; 
18_11_2010; 03:12:15; 4.79; 992.54; 0.00; 1.70; 214.48; 91.57; 2.13; 2.13; 2.06; 4.79; 214.71; 125.65; 229.73; 
18_11_2010; 03:36:15; 4.96; 992.54; 0.00; 0.85; 206.05; 92.10; 1.81; 2.03; 1.93; 4.96; 206.57; 126.00; 217.74; 
18_11_2010; 04:00:15; 4.85; 992.54; 0.00; 1.13; 215.84; 92.82; 0.00; 0.00; 0.00; 4.85; -099997.00; 125.10; 223.83; 
18_11_2010; 04:24:15; 4.65; 992.54; 0.00; 1.13; 216.03; 95.14; 0.00; 0.00; 0.00; 4.65; -099997.00; 125.87; 220.55; 
18_11_2010; 04:48:15; 4.85; 992.54; 0.00; 1.42; 215.64; 93.09; 0.00; 0.00; 0.00; 4.85; -099997.00; 125.55; 225.32; 
18_11_2010; 05:12:15; 4.88; 992.54; 0.00; 2.27; 247.42; 93.53; 1.60; 1.93; 1.60; 4.88; 247.12; 125.32; 217.35; 
18_11_2010; 05:36:15; 4.71; 992.54; 0.00; 1.70; 238.32; 94.61; 3.04; 3.04; 2.99; 4.71; 238.41; 125.43; 222.02; 
18_11_2010; 06:00:15; 4.88; 992.54; 0.00; 1.70; 230.76; 93.71; 1.67; 1.86; 1.73; 4.88; 231.05; 125.36; 230.13; 
18_11_2010; 06:24:15; 4.63; 992.54; 0.00; 1.99; 247.61; 94.97; 2.14; 2.17; 2.15; 4.63; 247.71; 124.65; 222.62; 
18_11_2010; 06:48:15; 4.68; 992.54; 0.00; 0.56; 248.00; 94.97; 0.00; 0.00; 0.00; 4.68; -099997.00; 125.51; 224.03; 
18_11_2010; 07:12:15; 4.38; 992.54; 0.00; 1.42; 181.54; 94.34; 3.38; 3.40; 3.36; 4.38; 181.44; 124.86; 223.90; 
18_11_2010; 07:36:15; 4.74; 992.54; 283.03; 3.41; 225.53; 93.89; 2.61; 3.07; 2.77; 4.74; 225.23; 125.17; 224.11; 
18_11_2010; 08:00:15; 4.41; 992.54; 1805.53; 12.80; 255.17; 94.07; 1.56; 1.94; 1.69; 4.41; 254.88; 124.63; 226.10; 
18_11_2010; 08:24:15; 4.21; 992.54; 4383.37; 34.14; 236.28; 94.52; 6.36; 9.01; 7.36; 4.21; 239.60; 124.76; 1.47; 
18_11_2010; 08:48:15; 4.38; 992.54; 6183.12; 46.09; 246.94; 93.89; 6.10; 8.00; 6.92; 4.38; 244.61; 125.62; 219.90; 
18_11_2010; 09:12:15; 4.29; 992.54; 12068.50; 84.21; 221.55; 94.34; 8.31; 09.99; 9.38; 2.60; 207.36; 125.36; 1.50; 
18_11_2010; 09:36:15; 4.32; 992.54; 14257.50; 102.71; 199.37; 94.52; 6.48; 6.48; 5.25; 4.28; 214.98; 124.87; 220.49; 
18_11_2010; 10:00:15; 4.74; 992.54; 12263.25; 86.20; 219.91; 92.73; 5.37; 5.37; 4.38; 4.74; 219.49; 125.68; 220.77; 
18_11_2010; 10:24:15; 5.29; 992.54; 18343.00; 129.74; 236.38; 90.58; 3.91; 3.91; 2.99; 5.29; 238.01; 126.31; 219.25; 
18_11_2010; 10:48:15; 5.73; 992.54; 20069.00; 137.13; 248.00; 87.90; 3.43; 3.56; 3.43; 5.73; 248.01; 127.50; 221.07; 
18_11_2010; 11:12:15; 5.95; 992.54; 21336.50; 155.06; 265.63; 86.74; 1.84; 1.84; 1.84; 5.95; 266.25; 129.21; 223.72; 
18_11_2010; 11:36:15; 5.90; 992.54; 18684.54; 125.75; 251.97; 86.65; 2.92; 3.04; 2.98; 5.90; 251.63; 128.98; 224.70; 
18_11_2010; 12:00:15; 7.09; 992.54; 21970.00; 166.73; 243.45; 82.00; 3.30; 3.79; 3.42; 7.09; 243.32; 130.61; 223.95; 
18_11_2010; 12:24:15; 6.70; 992.54; 12895.50; 86.20; 274.08; 84.68; 3.23; 3.29; 2.99; 6.70; 271.42; 130.11; 222.58; 
18_11_2010; 12:48:15; 6.78; 992.54; 11387.50; 73.40; 253.82; 84.50; 1.68; 1.68; 0.48; 6.78; 253.82; 129.53; 225.17; 
18_11_2010; 13:12:15; 7.06; 992.54; 17564.00; 121.49; 250.71; 81.01; 3.28; 3.55; 3.17; 7.06; 249.53; 130.90; 222.29; 
18_11_2010; 13:36:15; 6.56; 992.54; 14452.00; 99.01; 271.14; 81.73; 7.08; 7.41; 6.69; 5.99; 268.75; 129.21; 225.91; 
18_11_2010; 14:00:15; 6.84; 992.54; 14938.50; 105.27; 236.38; 82.80; 6.42; 6.42; 4.78; 6.84; 256.97; 129.96; 223.45; 
18_11_2010; 14:24:15; 7.14; 992.54; 23914.00; 173.55; 267.38; 81.55; 2.19; 4.93; 3.71; 7.14; 259.03; 130.67; 222.96; 
18_11_2010; 14:48:15; 7.17; 992.54; 13576.50; 101.00; 250.03; 80.12; 3.54; 3.54; 3.54; 7.17; 250.03; 130.58; 221.89; 
18_11_2010; 15:12:15; 7.31; 992.54; 13284.50; 101.57; 251.78; 79.85; 4.48; 4.48; 4.31; 7.31; 245.71; 130.80; 221.16; 
18_11_2010; 15:36:15; 7.81; 992.54; 11777.2=; 103.56; 258.95; 77.97; 5.58; 5.69; 5.54; 7.81; 258.03; 132.23; 219.32; 
18_11_2010; 16:00:15; 6.87; 992.54; 5015.75; 36.98; 252.26; 81.01; 2.59; 3.54; 3.03; 6.87; 252.49; 130.12; 221.10; 
18_11_2010; 16:24:15; 6.62; 992.54; 1562.31; 14.79; 264.37; 82.35; 6.61; 6.98; 6.15; 6.45; 259.39; 128.58; 225.05; 
18_11_2010; 16:48:15; 6.37; 992.54; 161.73; 2.56; 256.24; 84.14; 3.24; 4.09; 3.72; 6.37; 256.32; 128.60; 226.43; 
18_11_2010; 17:12:15; 6.34; 992.54; 0.00; 1.42; 269.12; 84.95; 6.64; 8.48; 7.72; 6.15; 257.70; 128.60; 217.21; 
18_11_2010; 17:36:15; 6.12; 992.54; 0.00; 1.70; 244.90; 87.18; 5.32; 6.72; 6.17; 6.12; 241.33; 127.29; 224.94; 
18_11_2010; 18:00:15; 5.90; 992.54; 0.00; 1.42; 246.94; 89.51; 4.63; 5.74; 5.40; 5.90; 247.30; 126.96; 226.67; 
18_11_2010; 18:24:15; 5.98; 992.54; 0.00; 1.70; 243.45; 89.69; 4.00; 7.96; 4.90; 5.98; 234.74; 127.84; 226.45; 
18_11_2010; 18:48:15; 5.95; 992.54; 0.00; 1.70; 250.62; 89.96; 4.26; 4.26; 4.26; 5.95; 247.23; 127.33; 226.54; 
18_11_2010; 19:12:15; 5.98; 992.54; 0.00; 1.42; 238.51; 90.14; 1.85; 1.85; 1.85; 5.98; 238.31; 127.15; 221.76; 
18_11_2010; 19:36:15; 5.87; 992.54; 0.00; 1.42; 259.63; 91.92; 5.92; 6.44; 6.16; 5.87; 251.03; 127.31; 228.98; 
18_11_2010; 20:00:15; 5.82; 992.54; 0.00; 1.70; 257.98; 92.91; 3.13; 4.42; 3.58; 5.82; 258.07; 127.59; 223.55; 
18_11_2010; 20:24:15; 5.82; 992.54; 0.00; 1.13; 245.67; 93.71; 3.09; 3.87; 3.53; 5.82; 244.55; 127.29; 225.96; 
18_11_2010; 20:48:15; 5.93; 992.54; 0.00; 1.70; 235.80; 93.53; 4.52; 4.52; 3.62; 5.93; 238.80; 127.17; 221.05; 
18_11_2010; 21:12:15; 5.95; 992.54; 0.00; 1.70; 218.16; 94.25; 2.52; 2.52; 2.08; 5.95; 234.62; 126.92; 225.88; 
18_11_2010; 21:36:15; 6.01; 992.54; 0.00; 1.70; 234.83; 94.07; 4.75; 4.75; 2.69; 6.01; 238.58; 126.75; 217.35; 
18_11_2010; 22:00:15; 5.95; 992.54; 0.00; 1.42; 252.17; 94.97; 3.68; 3.70; 2.95; 5.95; 252.44; 127.39; 225.76; 
18_11_2010; 22:24:15; 6.04; 992.54; 0.00; 1.42; 249.36; 94.70; 3.53; 3.53; 3.53; 6.04; 249.36; 127.39; 224.87; 
18_11_2010; 22:48:15; 6.09; 992.54; 0.00; 0.85; 236.18; 94.34; 2.37; 2.66; 2.53; 6.09; 236.70; 127.80; 218.36; 
18_11_2010; 23:12:15; 6.06; 992.54; 0.00; 0.56; 244.32; 94.43; 3.08; 3.32; 3.20; 6.06; 244.27; 128.00; 217.61; 
18_11_2010; 23:36:15; 6.09; 992.54; 0.00; 1.42; 257.50; 94.52; 2.59; 2.59; 2.19; 6.09; 255.25; 127.82; 227.96; 
